0
1,200
0
0
0
2,500
0
0
0
0
4,300
0
200
0
2,500
3,200
0
0
0
0
5,700
0
0
100
0
1,600
0
246,400
3,100
0
26,200
300
0
100
0
25,000
0
1,100
500
3,200
286,200
3,200
200
0
724,700
0
100
0
47,400
0
0
0
0
0
2,000
0
0
0
0
0
0
400
0
2,100
2,000
400
0
0
0
0
0
0
2,000
0
0
46,600
200
0
0
30,100
0
400
1,800
0
81,900
2,800
0
410,800
200
0
40,800
0
0
0
1,900
26,700
0
2,500
0
1,800
1,500
0
200
2,400
0
0
134,000
1,500
0
16,300
400
0
13,600
0
37,900
800
200
1,400
0
154,700
2,800
0
442,600
100
800
27,000
2,600
0
0
300
0
0
0
0
0
0
0
0
0
0
500
0
0
0
0
200
0
800
0
500
52,300
63,200
0
0
1,000
182,700
3,300
0
587,200
300
0
0
100
15,600
1,500
300
2,000
500
129,200
7,500
300
700
4,100
35,200
500
170,900
1,800
394,300
100
18,200
7,000
14,300
5,800
1,100
700
700
300
152,100
10,700
200
700
152,300
1,500
376,200
6,500
12,700
1,300
700
1,300
800
400
114,500
5,600
1,100
44,000
500
208,700
10,300
4,200
19,000
4,100
700
120,500
24,700
3,500
95,900
301,200
16,500
11,100
700
13,100
3,500
169,200
7,900
900
4,700
204,200
450,500
200
21,400
12,600
6,500
700
31,800
1,800
129,000
8,600
3,500
180,700
386,700
1,200
15,500
6,500
2,400
400
24,800
116,500
7,400
3,000
87,800
1,600
21,000
2,500
5,000
800
300
28,800
1,800
128,500
2,200
118,600
4,500